=======
[[  9.25600000e+02   1.36000000e-01]
 [  9.29000000e+02   1.04000000e-01]
 [  9.34000000e+02  -1.43000000e-01]
 ..., 
 [  1.12300000e+03  -2.36000000e-01]
 [  1.12050000e+03   1.31000000e-01]
 [  1.11900000e+03   1.07000000e-01]]
----------
[[  925.6]
 [  929. ]
 [  934. ]
 ..., 
 [ 1123. ]
 [ 1120.5]
 [ 1119. ]]
RMSE: 0.010758636519312859
[[  1.16700000e+03  -1.21038748e-01]
 [  1.17200000e+03  -1.14511177e-01]
 [  1.17750000e+03  -1.07330850e-01]
 [  1.17450000e+03  -1.11247392e-01]
 [  1.18400000e+03  -9.88450075e-02]
 [  1.19000000e+03  -9.10119226e-02]
 [  1.19200000e+03  -8.84008942e-02]
 [  1.18450000e+03  -9.81922504e-02]
 [  1.19200000e+03  -8.84008942e-02]
 [  1.18300000e+03  -1.00150522e-01]
 [  1.18250000e+03  -1.00803279e-01]
 [  1.18050000e+03  -1.03414307e-01]
 [  1.19150000e+03  -8.90536513e-02]
 [  1.19000000e+03  -9.10119226e-02]
 [  1.19250000e+03  -8.77481372e-02]
 [  1.18850000e+03  -9.29701938e-02]
 [  1.18500000e+03  -9.75394933e-02]
 [  1.15900000e+03  -1.31482861e-01]
 [  1.15750000e+03  -1.33441133e-01]
 [  1.15900000e+03  -1.31482861e-01]
 [  1.16750000e+03  -1.20385991e-01]
 [  1.17450000e+03  -1.11247392e-01]
 [  1.17950000e+03  -1.04719821e-01]
 [  1.17400000e+03  -1.11900149e-01]
 [  1.17400000e+03  -1.11900149e-01]
 [  1.17350000e+03  -1.12552906e-01]
 [  1.16100000e+03  -1.28871833e-01]
 [  1.15250000e+03  -1.39968703e-01]
 [  1.15450000e+03  -1.37357675e-01]
 [  1.15100000e+03  -1.41926975e-01]
 [  1.17600000e+03  -1.09289121e-01]
 [  1.18050000e+03  -1.03414307e-01]
 [  1.17300000e+03  -1.13205663e-01]
 [  1.15800000e+03  -1.32788376e-01]
 [  1.14900000e+03  -1.44538003e-01]
 [  1.14750000e+03  -1.46496274e-01]
 [  1.14900000e+03  -1.44538003e-01]
 [  1.15750000e+03  -1.33441133e-01]
 [  1.16500000e+03  -1.23649777e-01]
 [  1.15550000e+03  -1.36052161e-01]
 [  1.15900000e+03  -1.31482861e-01]
 [  1.14900000e+03  -1.44538003e-01]
 [  1.14750000e+03  -1.46496274e-01]
 [  1.14800000e+03  -1.45843517e-01]
 [  1.13750000e+03  -1.59551416e-01]
 [  1.13450000e+03  -1.63467958e-01]
 [  1.13700000e+03  -1.60204173e-01]
 [  1.13950000e+03  -1.56940388e-01]
 [  1.14200000e+03  -1.53676602e-01]
 [  1.13700000e+03  -1.60204173e-01]
 [  1.13800000e+03  -1.58898659e-01]
 [  1.13900000e+03  -1.57593145e-01]
 [  1.13650000e+03  -1.60856930e-01]
 [  1.13550000e+03  -1.62162444e-01]
 [  1.12600000e+03  -1.74564829e-01]
 [  1.12350000e+03  -1.77828614e-01]
 [  1.10650000e+03  -2.00022355e-01]
 [  1.10950000e+03  -1.96105812e-01]
 [  1.11750000e+03  -1.85661699e-01]
 [  1.11450000e+03  -1.89578241e-01]
 [  1.10950000e+03  -1.96105812e-01]
 [  1.10850000e+03  -1.97411326e-01]
 [  1.10650000e+03  -2.00022355e-01]
 [  1.09550000e+03  -2.14383010e-01]
 [  1.10000000e+03  -2.08508197e-01]
 [  1.10550000e+03  -2.01327869e-01]
 [  1.09400000e+03  -2.16341282e-01]
 [  1.11300000e+03  -1.91536513e-01]
 [  1.10850000e+03  -1.97411326e-01]
 [  1.12200000e+03  -1.79786885e-01]
 [  1.12600000e+03  -1.74564829e-01]
 [  1.11800000e+03  -1.85008942e-01]
 [  1.12050000e+03  -1.81745157e-01]
 [  1.11600000e+03  -1.87619970e-01]
 [  1.11550000e+03  -1.88272727e-01]
 [  1.12300000e+03  -1.78481371e-01]
 [  1.11800000e+03  -1.85008942e-01]
 [  1.11450000e+03  -1.89578241e-01]
 [  1.12250000e+03  -1.79134128e-01]
 [  1.11850000e+03  -1.84356185e-01]
 [  1.10550000e+03  -2.01327869e-01]
 [  1.10700000e+03  -1.99369598e-01]
 [  1.09200000e+03  -2.18952310e-01]
 [  1.09150000e+03  -2.19605067e-01]
 [  1.10150000e+03  -2.06549926e-01]
 [  1.11600000e+03  -1.87619970e-01]
 [  1.12000000e+03  -1.82397914e-01]
 [  1.11950000e+03  -1.83050671e-01]
 [  1.12100000e+03  -1.81092399e-01]
 [  1.11700000e+03  -1.86314456e-01]
 [  1.10450000e+03  -2.02633383e-01]
 [  1.10350000e+03  -2.03938897e-01]
 [  1.10900000e+03  -1.96758569e-01]
 [  1.09950000e+03  -2.09160954e-01]
 [  1.09850000e+03  -2.10466468e-01]
 [  1.10000000e+03  -2.08508197e-01]
 [  1.10100000e+03  -2.07202683e-01]
 [  1.10800000e+03  -1.98064083e-01]
 [  1.11350000e+03  -1.90883756e-01]
 [  1.11300000e+03  -1.91536513e-01]
 [  1.11500000e+03  -1.88925484e-01]
 [  1.11000000e+03  -1.95453055e-01]
 [  1.12250000e+03  -1.79134128e-01]
 [  1.12350000e+03  -1.77828614e-01]
 [  1.13700000e+03  -1.60204173e-01]
 [  1.13200000e+03  -1.66731744e-01]
 [  1.14050000e+03  -1.55634873e-01]
 [  1.12800000e+03  -1.71953800e-01]
 [  1.12300000e+03  -1.78481371e-01]
 [  1.12750000e+03  -1.72606557e-01]
 [  1.13650000e+03  -1.60856930e-01]
 [  1.13150000e+03  -1.67384501e-01]
 [  1.13350000e+03  -1.64773472e-01]
 [  1.13400000e+03  -1.64120715e-01]
 [  1.14250000e+03  -1.53023845e-01]
 [  1.14550000e+03  -1.49107303e-01]
 [  1.14450000e+03  -1.50412817e-01]
 [  1.14150000e+03  -1.54329359e-01]
 [  1.14650000e+03  -1.47801788e-01]
 [  1.14250000e+03  -1.53023845e-01]
 [  1.14400000e+03  -1.51065574e-01]
 [  1.14300000e+03  -1.52371088e-01]
 [  1.13550000e+03  -1.62162444e-01]
 [  1.14800000e+03  -1.45843517e-01]
 [  1.15250000e+03  -1.39968703e-01]
 [  1.16750000e+03  -1.20385991e-01]
 [  1.17350000e+03  -1.12552906e-01]
 [  1.16600000e+03  -1.22344262e-01]
 [  1.17250000e+03  -1.13858420e-01]
 [  1.17450000e+03  -1.11247392e-01]
 [  1.18300000e+03  -1.00150522e-01]
 [  1.18050000e+03  -1.03414307e-01]
 [  1.17550000e+03  -1.09941878e-01]
 [  1.17650000e+03  -1.08636364e-01]
 [  1.18050000e+03  -1.03414307e-01]
 [  1.17600000e+03  -1.09289121e-01]
 [  1.16900000e+03  -1.18427720e-01]
 [  1.17200000e+03  -1.14511177e-01]
 [  1.17100000e+03  -1.15816692e-01]
 [  1.16900000e+03  -1.18427720e-01]
 [  1.17200000e+03  -1.14511177e-01]
 [  1.17150000e+03  -1.15163934e-01]
 [  1.17100000e+03  -1.15816692e-01]
 [  1.16800000e+03  -1.19733234e-01]
 [  1.15900000e+03  -1.31482861e-01]
 [  1.16600000e+03  -1.22344262e-01]
 [  1.16950000e+03  -1.17774963e-01]
 [  1.16800000e+03  -1.19733234e-01]
 [  1.16900000e+03  -1.18427720e-01]
 [  1.18050000e+03  -1.03414307e-01]
 [  1.18600000e+03  -9.62339792e-02]
 [  1.18800000e+03  -9.36229509e-02]
 [  1.19400000e+03  -8.57898659e-02]
 [  1.19450000e+03  -8.51371088e-02]
 [  1.20150000e+03  -7.59985097e-02]
 [  1.20450000e+03  -7.20819673e-02]
 [  1.20150000e+03  -7.59985097e-02]
 [  1.20800000e+03  -6.75126677e-02]
 [  1.21050000e+03  -6.42488823e-02]
 [  1.20800000e+03  -6.75126677e-02]
 [  1.20200000e+03  -7.53457527e-02]
 [  1.20900000e+03  -6.62071536e-02]
 [  1.20600000e+03  -7.01236960e-02]
 [  1.20300000e+03  -7.40402385e-02]
 [  1.18800000e+03  -9.36229509e-02]
 [  1.19350000e+03  -8.64426230e-02]
 [  1.20600000e+03  -7.01236960e-02]
 [  1.19750000e+03  -8.12205664e-02]
 [  1.19600000e+03  -8.31788376e-02]
 [  1.17800000e+03  -1.06678092e-01]
 [  1.17500000e+03  -1.10594635e-01]
 [  1.18450000e+03  -9.81922504e-02]
 [  1.16950000e+03  -1.17774963e-01]
 [  1.16650000e+03  -1.21691505e-01]
 [  1.17750000e+03  -1.07330850e-01]
 [  1.17400000e+03  -1.11900149e-01]
 [  1.16850000e+03  -1.19080477e-01]
 [  1.16700000e+03  -1.21038748e-01]
 [  1.16600000e+03  -1.22344262e-01]
 [  1.16250000e+03  -1.26913562e-01]
 [  1.16400000e+03  -1.24955291e-01]
 [  1.15550000e+03  -1.36052161e-01]
 [  1.14600000e+03  -1.48454546e-01]
 [  1.14900000e+03  -1.44538003e-01]
 [  1.13800000e+03  -1.58898659e-01]
 [  1.14550000e+03  -1.49107303e-01]
 [  1.14750000e+03  -1.46496274e-01]
 [  1.14500000e+03  -1.49760060e-01]
 [  1.14800000e+03  -1.45843517e-01]
 [  1.15150000e+03  -1.41274218e-01]
 [  1.13950000e+03  -1.56940388e-01]
 [  1.14150000e+03  -1.54329359e-01]
 [  1.14050000e+03  -1.55634873e-01]
 [  1.14800000e+03  -1.45843517e-01]
 [  1.14750000e+03  -1.46496274e-01]
 [  1.14650000e+03  -1.47801788e-01]
 [  1.14350000e+03  -1.51718331e-01]
 [  1.13850000e+03  -1.58245902e-01]
 [  1.13150000e+03  -1.67384501e-01]
 [  1.13400000e+03  -1.64120715e-01]
 [  1.12800000e+03  -1.71953800e-01]
 [  1.14400000e+03  -1.51065574e-01]
 [  1.15700000e+03  -1.34093890e-01]
 [  1.15500000e+03  -1.36704918e-01]
 [  1.15000000e+03  -1.43232489e-01]
 [  1.14950000e+03  -1.43885246e-01]
 [  1.16000000e+03  -1.30177347e-01]
 [  1.15750000e+03  -1.33441133e-01]
 [  1.14750000e+03  -1.46496274e-01]
 [  1.15000000e+03  -1.43232489e-01]
 [  1.14400000e+03  -1.51065574e-01]
 [  1.13100000e+03  -1.68037258e-01]
 [  1.13300000e+03  -1.65426230e-01]
 [  1.12000000e+03  -1.82397914e-01]
 [  1.11950000e+03  -1.83050671e-01]
 [  1.12400000e+03  -1.77175857e-01]
 [  1.12250000e+03  -1.79134128e-01]
 [  1.12250000e+03  -1.79134128e-01]
 [  1.11250000e+03  -1.92189270e-01]
 [  1.11300000e+03  -1.91536513e-01]
 [  1.11450000e+03  -1.89578241e-01]
 [  1.11700000e+03  -1.86314456e-01]
 [  1.11800000e+03  -1.85008942e-01]
 [  1.11800000e+03  -1.85008942e-01]
 [  1.12350000e+03  -1.77828614e-01]
 [  1.12500000e+03  -1.75870343e-01]
 [  1.13150000e+03  -1.67384501e-01]
 [  1.13400000e+03  -1.64120715e-01]
 [  1.14200000e+03  -1.53676602e-01]
 [  1.14600000e+03  -1.48454546e-01]
 [  1.14000000e+03  -1.56287630e-01]
 [  1.13150000e+03  -1.67384501e-01]
 [  1.14100000e+03  -1.54982116e-01]
 [  1.13750000e+03  -1.59551416e-01]
 [  1.14350000e+03  -1.51718331e-01]
 [  1.14050000e+03  -1.55634873e-01]
 [  1.13850000e+03  -1.58245902e-01]
 [  1.13600000e+03  -1.61509687e-01]
 [  1.13000000e+03  -1.69342772e-01]
 [  1.12700000e+03  -1.73259314e-01]
 [  1.12900000e+03  -1.70648286e-01]
 [  1.13400000e+03  -1.64120715e-01]
 [  1.13800000e+03  -1.58898659e-01]
 [  1.13050000e+03  -1.68690015e-01]
 [  1.13400000e+03  -1.64120715e-01]
 [  1.13280000e+03  -1.65687332e-01]
 [  1.13600000e+03  -1.61509687e-01]
 [  1.12900000e+03  -1.70648286e-01]
 [  1.12750000e+03  -1.72606557e-01]
 [  1.12320000e+03  -1.78220268e-01]
 [  1.11800000e+03  -1.85008942e-01]
 [  1.12050000e+03  -1.81745157e-01]
 [  1.12500000e+03  -1.75870343e-01]
 [  1.12300000e+03  -1.78481371e-01]
 [  1.11900000e+03  -1.83703428e-01]
 [  1.12400000e+03  -1.77175857e-01]
 [  1.12300000e+03  -1.78481371e-01]
 [  1.12050000e+03  -1.81745157e-01]
 [  1.11900000e+03  -1.83703428e-01]]
===================
[[  1.16499632e+03  -1.23654584e-01]
 [  1.16505041e+03  -1.23583965e-01]
 [  1.16933418e+03  -1.17991437e-01]
 [  1.17461579e+03  -1.11096230e-01]
 [  1.17200657e+03  -1.14502598e-01]
 [  1.18130712e+03  -1.02360596e-01]
 [  1.18831630e+03  -9.32100203e-02]
 [  1.18953102e+03  -9.16241868e-02]
 [  1.18091479e+03  -1.02872786e-01]
 [  1.18824423e+03  -9.33041093e-02]
 [  1.18122279e+03  -1.02470689e-01]
 [  1.17844572e+03  -1.06096197e-01]
 [  1.17875856e+03  -1.05687782e-01]
 [  1.18866925e+03  -9.27492347e-02]
 [  1.18939054e+03  -9.18075873e-02]
 [  1.18800810e+03  -9.36123788e-02]
 [  1.18747263e+03  -9.43114415e-02]
 [  1.18022519e+03  -1.03773080e-01]
 [  1.15455200e+03  -1.37289792e-01]
 [  1.15449852e+03  -1.37359601e-01]
 [  1.15891358e+03  -1.31595682e-01]
 [  1.16860796e+03  -1.18939533e-01]
 [  1.17204261e+03  -1.14455553e-01]
 [  1.17661214e+03  -1.08489959e-01]
 [  1.17127457e+03  -1.15458238e-01]
 [  1.16801522e+03  -1.19713365e-01]
 [  1.17270204e+03  -1.13594654e-01]
 [  1.15734857e+03  -1.33638829e-01]
 [  1.14889874e+03  -1.44670194e-01]
 [  1.15219367e+03  -1.40368623e-01]
 [  1.15011778e+03  -1.43078721e-01]
 [  1.17362666e+03  -1.12387553e-01]
 [  1.18054280e+03  -1.03358426e-01]
 [  1.16976479e+03  -1.17429278e-01]
 [  1.15201683e+03  -1.40599486e-01]
 [  1.14628013e+03  -1.48088831e-01]
 [  1.14477899e+03  -1.50048593e-01]
 [  1.14758806e+03  -1.46381314e-01]
 [  1.15541012e+03  -1.36169495e-01]
 [  1.16376270e+03  -1.25265088e-01]
 [  1.15371479e+03  -1.38382780e-01]
 [  1.15438954e+03  -1.37501884e-01]
 [  1.14699872e+03  -1.47150708e-01]
 [  1.14454154e+03  -1.50358586e-01]
 [  1.14495932e+03  -1.49813162e-01]
 [  1.13711834e+03  -1.60049678e-01]
 [  1.13102988e+03  -1.67998243e-01]
 [  1.13452922e+03  -1.63429808e-01]
 [  1.13743662e+03  -1.59634161e-01]
 [  1.14004331e+03  -1.56231083e-01]
 [  1.13442842e+03  -1.63561412e-01]
 [  1.13435911e+03  -1.63651899e-01]
 [  1.13609592e+03  -1.61384468e-01]
 [  1.13359601e+03  -1.64648135e-01]
 [  1.13332392e+03  -1.65003345e-01]
 [  1.12315007e+03  -1.78285458e-01]
 [  1.12081177e+03  -1.81338130e-01]
 [  1.10381414e+03  -2.03528783e-01]
 [  1.10490750e+03  -2.02101392e-01]
 [  1.11466219e+03  -1.89366504e-01]
 [  1.11365792e+03  -1.90677589e-01]
 [  1.10674895e+03  -1.99697344e-01]
 [  1.10570073e+03  -2.01065812e-01]
 [  1.10472452e+03  -2.02340269e-01]
 [  1.09506326e+03  -2.14953186e-01]
 [  1.09720091e+03  -2.12162444e-01]
 [  1.10404951e+03  -2.03221505e-01]
 [  1.09405441e+03  -2.16270249e-01]
 [  1.10810147e+03  -1.97931608e-01]
 [  1.10854174e+03  -1.97356840e-01]
 [  1.11891778e+03  -1.83810761e-01]
 [  1.12439212e+03  -1.76663936e-01]
 [  1.11782471e+03  -1.85237786e-01]
 [  1.11713822e+03  -1.86134008e-01]
 [  1.11415805e+03  -1.90024657e-01]
 [  1.11366678e+03  -1.90666024e-01]
 [  1.11963645e+03  -1.82872533e-01]
 [  1.11703715e+03  -1.86265952e-01]
 [  1.11048290e+03  -1.94822623e-01]
 [  1.11868882e+03  -1.84109684e-01]
 [  1.11689083e+03  -1.86456976e-01]
 [  1.10293106e+03  -2.04681661e-01]
 [  1.10190513e+03  -2.06021020e-01]
 [  1.09096846e+03  -2.20299004e-01]
 [  1.08783095e+03  -2.24395062e-01]
 [  1.09796111e+03  -2.11169992e-01]
 [  1.11515948e+03  -1.88717279e-01]
 [  1.11987220e+03  -1.82564760e-01]
 [  1.11768103e+03  -1.85425364e-01]
 [  1.11858931e+03  -1.84239592e-01]
 [  1.11495027e+03  -1.88990409e-01]
 [  1.10243350e+03  -2.05331225e-01]
 [  1.09986298e+03  -2.08687076e-01]
 [  1.10663623e+03  -1.99844508e-01]
 [  1.09895924e+03  -2.09866922e-01]
 [  1.09540087e+03  -2.14512424e-01]
 [  1.09798849e+03  -2.11134252e-01]
 [  1.09956642e+03  -2.09074240e-01]
 [  1.10567041e+03  -2.01105390e-01]
 [  1.11270093e+03  -1.91926958e-01]
 [  1.11155550e+03  -1.93422331e-01]
 [  1.11228502e+03  -1.92469928e-01]
 [  1.10805542e+03  -1.97991732e-01]
 [  1.11860401e+03  -1.84220403e-01]
 [  1.12212916e+03  -1.79618264e-01]
 [  1.13518252e+03  -1.62576924e-01]
 [  1.13068483e+03  -1.68448716e-01]
 [  1.13675709e+03  -1.60521298e-01]
 [  1.12654996e+03  -1.73846852e-01]
 [  1.12038989e+03  -1.81888906e-01]
 [  1.12451369e+03  -1.76505233e-01]
 [  1.13558560e+03  -1.62050688e-01]
 [  1.13017900e+03  -1.69109089e-01]
 [  1.13025121e+03  -1.69014817e-01]
 [  1.13158343e+03  -1.67275579e-01]
 [  1.13938592e+03  -1.57089319e-01]
 [  1.14371939e+03  -1.51431916e-01]
 [  1.14332884e+03  -1.51941782e-01]
 [  1.13754388e+03  -1.59494124e-01]
 [  1.14451374e+03  -1.50394874e-01]
 [  1.13973224e+03  -1.56637201e-01]
 [  1.14135074e+03  -1.54524218e-01]
 [  1.13993281e+03  -1.56375350e-01]
 [  1.13306088e+03  -1.65346754e-01]
 [  1.14402947e+03  -1.51027103e-01]
 [  1.15130437e+03  -1.41529620e-01]
 [  1.16549537e+03  -1.23003061e-01]
 [  1.17237464e+03  -1.14022075e-01]
 [  1.16300126e+03  -1.26259158e-01]
 [  1.16895957e+03  -1.18480496e-01]
 [  1.17223108e+03  -1.14209496e-01]
 [  1.17999552e+03  -1.04072917e-01]
 [  1.17796452e+03  -1.06724406e-01]
 [  1.17307347e+03  -1.13109746e-01]
 [  1.17278055e+03  -1.13492159e-01]
 [  1.17824743e+03  -1.06355072e-01]
 [  1.17431085e+03  -1.11494333e-01]
 [  1.16597215e+03  -1.22380622e-01]
 [  1.16900341e+03  -1.18423270e-01]
 [  1.16928433e+03  -1.18056521e-01]
 [  1.16619342e+03  -1.22091750e-01]
 [  1.16892358e+03  -1.18527488e-01]
 [  1.17045004e+03  -1.16534675e-01]
 [  1.16740114e+03  -1.20515054e-01]
 [  1.16497678e+03  -1.23680090e-01]
 [  1.15677362e+03  -1.34389427e-01]
 [  1.16237520e+03  -1.27076485e-01]
 [  1.16687177e+03  -1.21206154e-01]
 [  1.16627229e+03  -1.21988785e-01]
 [  1.16662580e+03  -1.21527268e-01]
 [  1.17644225e+03  -1.08711763e-01]
 [  1.18540554e+03  -9.70100528e-02]
 [  1.18561177e+03  -9.67408130e-02]
 [  1.18990587e+03  -9.11348141e-02]
 [  1.19165826e+03  -8.88470461e-02]
 [  1.19797688e+03  -8.05979913e-02]
 [  1.20113074e+03  -7.64805781e-02]
 [  1.19741929e+03  -8.13259282e-02]
 [  1.20476436e+03  -7.17368357e-02]
 [  1.20633028e+03  -6.96925139e-02]
 [  1.20540062e+03  -7.09061946e-02]
 [  1.19697271e+03  -8.19089460e-02]
 [  1.20493546e+03  -7.15134656e-02]
 [  1.20489229e+03  -7.15698303e-02]
 [  1.19884335e+03  -7.94668083e-02]
 [  1.18212492e+03  -1.01292957e-01]
 [  1.19255682e+03  -8.76739616e-02]
 [  1.20340554e+03  -7.35107951e-02]
 [  1.19691904e+03  -8.19790168e-02]
 [  1.19238090e+03  -8.79036235e-02]
 [  1.17188507e+03  -1.14661223e-01]
 [  1.17183285e+03  -1.14729388e-01]
 [  1.18414185e+03  -9.86598220e-02]
 [  1.16823837e+03  -1.19422039e-01]
 [  1.16220839e+03  -1.27294268e-01]
 [  1.17421636e+03  -1.11617688e-01]
 [  1.17246589e+03  -1.13902950e-01]
 [  1.16691784e+03  -1.21146004e-01]
 [  1.16178132e+03  -1.27851805e-01]
 [  1.16407594e+03  -1.24856151e-01]
 [  1.15899331e+03  -1.31491594e-01]
 [  1.16236785e+03  -1.27086092e-01]
 [  1.15253338e+03  -1.39925120e-01]
 [  1.14427695e+03  -1.50704005e-01]
 [  1.14604708e+03  -1.48393080e-01]
 [  1.13627077e+03  -1.61156190e-01]
 [  1.14216233e+03  -1.53464672e-01]
 [  1.14580199e+03  -1.48713046e-01]
 [  1.14316366e+03  -1.52157425e-01]
 [  1.14484740e+03  -1.49959282e-01]
 [  1.14931593e+03  -1.44125553e-01]
 [  1.13769966e+03  -1.59290752e-01]
 [  1.13826711e+03  -1.58549944e-01]
 [  1.13799496e+03  -1.58905232e-01]
 [  1.14680162e+03  -1.47408017e-01]
 [  1.14512702e+03  -1.49594230e-01]
 [  1.14410350e+03  -1.50930456e-01]
 [  1.14135714e+03  -1.54515864e-01]
 [  1.13594382e+03  -1.61583036e-01]
 [  1.13015518e+03  -1.69140182e-01]
 [  1.13128923e+03  -1.67659663e-01]
 [  1.12618007e+03  -1.74329751e-01]
 [  1.13908464e+03  -1.57482645e-01]
 [  1.15605482e+03  -1.35327837e-01]
 [  1.15516090e+03  -1.36494865e-01]
 [  1.14610003e+03  -1.48323950e-01]
 [  1.14645449e+03  -1.47861206e-01]
 [  1.15739562e+03  -1.33577400e-01]
 [  1.15660779e+03  -1.34605931e-01]
 [  1.14471618e+03  -1.50130595e-01]
 [  1.14585495e+03  -1.48643915e-01]
 [  1.14213644e+03  -1.53498481e-01]
 [  1.12965205e+03  -1.69797030e-01]
 [  1.12958240e+03  -1.69887960e-01]
 [  1.11937336e+03  -1.83215995e-01]
 [  1.11597745e+03  -1.87649405e-01]
 [  1.12059616e+03  -1.81619614e-01]
 [  1.12101441e+03  -1.81073590e-01]
 [  1.11943034e+03  -1.83141616e-01]
 [  1.10996251e+03  -1.95502002e-01]
 [  1.10940610e+03  -1.96228398e-01]
 [  1.11174509e+03  -1.93174812e-01]
 [  1.11629959e+03  -1.87228850e-01]
 [  1.11675577e+03  -1.86633301e-01]
 [  1.11634998e+03  -1.87163061e-01]
 [  1.12142291e+03  -1.80540279e-01]
 [  1.12328975e+03  -1.78103102e-01]
 [  1.12865042e+03  -1.71104669e-01]
 [  1.13209016e+03  -1.66614032e-01]
 [  1.13962857e+03  -1.56772539e-01]
 [  1.14417577e+03  -1.50836106e-01]
 [  1.13787166e+03  -1.59066207e-01]
 [  1.12875960e+03  -1.70962126e-01]
 [  1.13670747e+03  -1.60586069e-01]
 [  1.13762431e+03  -1.59389122e-01]
 [  1.14123518e+03  -1.54675090e-01]
 [  1.13873817e+03  -1.57934972e-01]
 [  1.13625645e+03  -1.61174882e-01]
 [  1.13349986e+03  -1.64773657e-01]
 [  1.12778813e+03  -1.72230396e-01]
 [  1.12447033e+03  -1.76561833e-01]
 [  1.12651354e+03  -1.73894393e-01]
 [  1.13195662e+03  -1.66788374e-01]
 [  1.13622706e+03  -1.61213259e-01]
 [  1.12899745e+03  -1.70651611e-01]
 [  1.13063246e+03  -1.68517090e-01]
 [  1.13102673e+03  -1.68002368e-01]
 [  1.13440804e+03  -1.63588015e-01]
 [  1.12707457e+03  -1.73161966e-01]
 [  1.12541847e+03  -1.75324029e-01]
 [  1.12104402e+03  -1.81034925e-01]
 [  1.11590086e+03  -1.87749394e-01]
 [  1.11698790e+03  -1.86330253e-01]
 [  1.12258428e+03  -1.79024099e-01]
 [  1.12050845e+03  -1.81734119e-01]
 [  1.11646285e+03  -1.87015714e-01]
 [  1.12110598e+03  -1.80954046e-01]
 [  1.12115301e+03  -1.80892643e-01]
 [  1.11849554e+03  -1.84362007e-01]]
